Громкий вопрос
шоу 0.5 16 2 19 3
9.01 3 15 16.5 18.4 11.01 3 15 16.5 18.4 28.01 3 15 16.5 18.4 
10 15
Джем
импров 1.2 18 2 26 4
21.12 4 15 17.05 19.1 21.15 24.12 4 15 17.05 19.1 21.15 27.12 4 15 17.05 19.1 21.15 31.12 4 15 17.05 19.1 21.15 
18 16
Импровизаторы
импров 0.58 16 2 45 2
21.12 3 14 16.03 18.06 27.12 3 14 16.03 18.06 
20 20
Истории
импров 0.48 18 2 12 5
4.01 6 10 11.18 12.36 13.54 15.12 16.3 9.01 6 10 11.18 12.36 13.54 15.12 16.3 18.01 6 10 11.18 12.36 13.54 15.12 16.3 19.01 6 10 11.18 12.36 13.54 15.12 16.3 22.01 6 10 11.18 12.36 13.54 15.12 16.3 
15 10
Контакты
шоу 0.4 16 2 28 1
1.01 2 9 20 
15 14
ОТЫДО
импров 0.54 16 2 12 1
15.01 3 15 16.34 18.08 
15 10
Сумрак
хоррор 0.2 12 3 12 2
25.12 4 16 16.43 17.26 18.09 28.12 4 16 16.43 17.26 18.09 
16 10
Че делаем куда идем
тревелшоу 2 16 2 18 3
10.01 2 18 20.3 14.01 2 18 20.3 15.01 2 18 20.3 
10 10
