rut69
Громкий вопрос
шоу 0.5 16 2 19
9.01 16.5 2 10
rut69
Громкий вопрос
шоу 0.5 16 2 19
9.01 16.5 1 10
rut69
Громкий вопрос
шоу 0.5 16 2 19
9.01 16.5 3 10
burik
Джем
импров 1.2 18 2 26
21.12 15 4 3
burik
Джем
импров 1.2 18 2 26
21.12 15 4 4
burik
Импровизаторы
импров 0.58 16 2 45
27.12 16.03 5 8
burik
Импровизаторы
импров 0.58 16 2 45
27.12 16.03 5 9
burik
Импровизаторы
импров 0.58 16 2 45
27.12 16.03 5 10
Yana
Импровизаторы
импров 0.58 16 2 45
21.12 16.03 4 9
Yana
Импровизаторы
импров 0.58 16 2 45
21.12 16.03 9 6
ilya
Истории
импров 0.48 18 2 12
4.01 16.3 7 5
ilya
Истории
импров 0.48 18 2 12
4.01 16.3 7 6
burik
Контакты
шоу 0.4 16 2 28
1.01 20 5 8
burik
Контакты
шоу 0.4 16 2 28
1.01 20 3 8
burik
Контакты
шоу 0.4 16 2 28
1.01 20 4 6
burik
ОТЫДО
импров 0.54 16 2 12
15.01 16.34 4 5
burik
Че делаем куда идем
тревелшоу 2 16 2 18
10.01 18 6 4
